-1155869325
431529176
1761283695
1749940626
892128508
155629808
1429008869
-1465154083
-138487339
-1242363800
26273138
655996946
-155886662
685382526
-258276172
-1915244828
-226796111
-382464772
-270230103
2092024379
1705850753
-369526632
1492578621
684358198
1262965348
1584853918
-2119636700
-582126989
498074875
-1978864692
-985540886
-1789481587
-1460749695
181670012
673222727
-1023599386
1624365379
-1615025656
600276151
-518561627
-1310188465
1933673321
-836540342
20841474
21582955
-634566111
-2048118856
100579776
-1099578295
-1266972581
609982904
1181244667
2069007352
323788111
-1956122223
-1672496605
-1816340580
-193570837
880097008
1177117768
-1617640095
816912303
793310972
5577367
45889196
-1359243304
691675816
2088469028
764739731
2093861056
-1973979577
543635433
-112382065
559242116
1054099045
885948174
1694454384
-662903833
934594003
1746079594
1855455376
-215436171
1001396483
-2058237879
-472838325
1663228139
164612758
1165249391
-1750717778
484561621
-1481018061
982697053
514704749
-34866055
-1492601190
-1777049646
-67333094
-162286093
887930872
1138833300
1609107348
1558626465
1990072188
-522144145
1432844988
1248685248
1903583017
220969086
-2129721489
788299095
-4377362
-1559630936
-1587398993
1193731667
-388333581
1464218733
-2114584541
1141557491
2110766901
501095138
1841614017
587682406
1323248980
-1949531143
-1214091063
2124374193
-161428053
66075398
899764468
1541870038
741521057
1041436542
-1937234195
-854023886
-1909248706
471763713
-1770317568
-2066794714
-905419263
-2032696423
-1292756720
1546424057
878903023
1900678724
1094827726
-1290234115
-953841937
748918191
966463784
-1290244369
-72571307
-305063612
-843451650
-1121163101
-703021893
387176550
700524315
1878716128
-1556936681
1377758715
37625698
-1484228984
-1584027382
1601478698
893258567
-384115204
-513861514
1306683493
-1258235519
-823599426
-1188109742
1835464617
-2106711811
236746071
-55395904
599636740
658187541
-1732680838
-1243071905
-226515880
-755996415
-2107166615
531163870
-1484702883
-1645181299
-1255126121
2069583057
1142045419
428424204
272512398
-1644345913
-1757200775
120776076
1219810066
-1754755685
-2036710432
313644362
1112362630
318033418
1206322533
-1374666904
-1535956081
1202597766
1517580277
-1700877091
665612534
-645787831
1575270834
1519659436
-1874850606
-1723860308
1037687982
1254531672
77321958
-530674760
-748389899
-1098439530
-1976707769
1817770749
-1538299695
1614083908
-126179518
1165195938
-587303352
-1160397415
-898286980
-486428995
-671409943
187701662
1874472537
1965807332
1454513351
-590773795
1284737441
-421233404
361860038
268385879
-1898994079
-1014383248
1122391573
1836957882
-1732216817
-3507139
-137527558
265866195
-1587113999
-1776739380
-1920675372
-1858462143
-1961000002
-1451587417
866345822
-398224277
-11167100
1058647697
-1249746128
1067251123
-532618291
-1259033897
-626851445
1450500331
-954721027
-1686482964
929459541
1354730503
-520222466
105106996
-717672862
1937066772
1137581598
1585419807
-1818009612
1992168040
562933303
761251706
180588421
-1391040485
-754651889
-1221606911
-1814936637
-1102219083
-361268990
-304501960
-1180143653
-1761393880
-1530246690
-1528955526
35870458
474550272
-1948308979
-968068014
-706436080
1316333528
-1093919239
-512824823
1586870742
-1587413744
-1911071317
-305399169
-524189934
844774588
1099351221
-1053786306
1036528409
677018335
1822153810
181156043
-1868245355
1626172888
214164427
-916506305
-445328248
-1233720037
1255504667
473621527
-869460080
-1021630684
-2031365163
129144647
1793730412
1359921833
-599159739
-1429909100
-267687234
1831558927
2028706006
1720379939
269666578
-1100535778
-1944657997
1568976204
323873054
-1014664969
-1498322257
1385853619
-606171317
-2092856764
-907914391
2055897241
34332788
563365810
176278955
136564847
1931381996
1908926620
1150612498
-1324906324
-223991867
-1206560760
1604795124
-953696289
119942735
1237383126
-980570755
-939074297
-1911716897
-144938186
-146908901
-14931678
-943495727
1026954330
1361611547
1912038915
-1077863473
559298924
-1474247532
1007058536
-1503664046
-1477114686
733841539
-1837259957
-428409496
-1907108784
154167351
1075014264
1616738744
-342389666
1685647855
-1186479521
1788916163
-957816454
193291713
1040568107
-1224783508
754634158
-1850780484
1910375699
1950212537
-731470602
2017496657
-1709763601
1936875227
-1555006228
2089746414
1302951949
1974405739
280878021
-872125717
-266156987
1439110646
1144251008
-1806625623
984283466
-2055585349
1305568859
1750521080
1597472322
1441639346
-613634679
592193209
-828600679
221514448
1669579554
426581700
1139224850
-1375217015
139040347
1787456779
-1418261474
670972566
319379702
2099563519
-1678726287
-39745800
767348987
-87719374
127273681
659483708
-1253469784
-299181507
1193048624
1973582847
497307557
-605440797
-1326174467
418481588
1498989691
882088310
979834550
1695233956
719836487
1451419769
-1741046079
-713831370
-816516950
1667568774
-2083363460
-1362180240
1498863619
2092238194
228034706
309397693
-1691400224
-120190546
-1367833456
-1453607696
-1787808847
-492701201
1588074935
812465288
-231962434
-1924959471
-1346770413
-1465515467
964537434
1348422200
1909540044
3302811
-1255790248
454991672
127980219
-71027115
-1465040706
-1713557194
1356855360
-2015243461
-791260744
810932623
668205138
2003925480
1947356367
862015736
1373136086
-466908554
-1934055846
670671589
-2051880908
-1090075765
1354267700
-1955138769
-1305185240
-1101153639
407495343
-517965328
-176918059
1572672608
556960967
-1384719951
101355295
1950237111
363873178
1179333575
224716089
1783284876
2018435351
839425785
-774458244
-85966551
-132726282
1590420582
1503177082
-550641736
1172038375
222275237
48226131
-1175993847
-884663027
-1846454483
431108934
171282833
-777636435
1547017719
-1082933877
418212277
1631499554
972625762
462586719
1981588040
-1004881644
-297497515
896710239
1022639698
-235784727
-1559623510
118428953
2034696979
-1086956678
-398298166
-1561968417
-2145158329
-263974646
414814100
403119327
619997866
-173163405
-1973386878
-778335632
-2110360130
922601633
-1294120434
-713943378
-1468399157
1098293060
-745550254
-1543738040
1280610598
-1217656383
682317806
-851336041
1549082550
1981623657
2005774125
513849075
-415022157
-2102028564
258683754
-1104102078
-1859578191
244254991
1593415088
-1890468143
-282842404
1580532380
-1875306080
-505795994
-285601659
-515493990
-1290370921
259673237
607203293
308230590
-828505329
984635218
-1456014593
956148769
1226439749
-1522741561
-1272398797
1258348082
-268555236
-491753624
207914096
-1957029395
455783233
-1280712381
-61080030
786198860
-232772209
1491782812
-226809810
170915582
1601212083
1070670776
-795787982
-873247146
1162781971
-1254443527
2068466449
2001847942
-1210554645
-844734422
-416530770
352548108
1825992121
2059890204
-26056714
-166722709
-412269605
1022689649
-414270940
1946428446
-1092392843
2066256311
-1933030336
282387145
1953050008
467392952
-1176314392
-458538063
-1157770080
-582498801
2134074450
-863639954
-1604350756
1502296318
717349776
558211038
1420441716
-463882369
-2124867562
1855274845
706943879
557798296
-1687636871
-1418988750
-34743917
-2071435277
1051146105
-1913847733
1598645530
-357500755
-2064867775
1633599789
867812737
740871534
1485797100
572399653
493737786
2054592697
-886958261
-535625533
-864130523
1771421828
-1794769947
-2021831544
-2053742029
-1576035317
1864864574
691640030
1332330060
1057635040
1150613852
-635990968
1314630002
211028294
63334278
-473194279
689044006
118810048
-1214817202
-1666666006
-742996982
1245871076
1650180050
350588678
-1467031609
-981534604
980191294
1543347753
1033276720
-1704564050
-2093243756
1576734506
1313051559
-1581226270
2025268143
-496217484
1486783679
-1471103419
146802052
-1532115204
467338531
291201029
1475933355
-1706306706
112279477
-1923303523
7729693
-2016354647
1127802618
-373744535
1377684799
-241837202
2133354676
-281336196
-1709524449
744708947
-933152816
711064753
415729660
-333685507
-253996926
-16912384
408632331
-1131722355
1754815150
-777324526
-764603272
-1795369638
2052918921
1922950422
193410986
1776007137
1597882240
1999788757
-1835101237
-1422168327
-687918760
1341450500
-89476473
-479231670
1864571798
-1194994472
-956267245
-1196428289
-1851916512
-2056886304
-71340944
-140318790
-312331741
-1081354226
852492784
-1112633144
137709111
-642769642
1609065465
-2005533035
1760767169
1149912827
-1157494008
-1089051038
229948825
-1315100187
-2065077512
283239732
-259685397
-2065403080
-1253055356
-810554097
-2119240350
-2020246557
290245386
-1196764828
-430082174
-2023068683
-1530756463
-1593497913
-943335595
-1237089419
1558772237
1534650852
-935848119
-296510350
1317996001
1126015411
-1560889512
1690974808
-1950851420
-146673430
1333255017
1363065477
-631879641
2110278323
-1691880458
-129664485
-315284297
-1387413857
-736375570
-992934633
1092188318
425529305
-1113970981
1804509858
-2035605008
-530609250
-347914681
-963718489
-1502230397
-2145365268
991880540
1400869029
1261554238
30280569
-801106998
1019703237
1475946390
1555180518
557256941
590210094
1749038166
1318344500
1165597741
-1683075688
379719838
1026784119
763017128
2027460383
973942317
346400712
1084356878
-1980006311
-19110430
-838152833
-2064874291
-645798998
-282238593
403562658
-469756051
-1867674154
-611492432
-227341417
-350568132
1181711063
-1625192373
1453910561
-53462995
2059832304
-251625767
-599916663
-282074115
-2062873855
-1681477291
-1199907813
2096957590
186552093
1422372147
1198826964
1733604024
-958589351
299537571
838006872
749947606
-1750767386
-1210038762
700403753
2097541693
-1667491486
-1593444351
2091087126
512888443
-357714326
548359392
2025822192
2134877950
-997588621
1881088893
-768075900
1199143162
-2078589222
1923524465
633741508
-1449138800
1905914680
1721132523
79011399
-113631700
-175201797
-911906129
277752563
300102446
504914225
-1606506142
-431227913
-442046260
-1645717849
-1620756732
2112419327
-144935370
-640716238
-454813764
843407779
-1110732038
2042427724
1770431707
-1836911841
-1035307351
1222752226
-379400422
266082633
2001317563
395635307
-552681178
1831651263
455929519
903165244
1680844382
-687787937
-1071759754
1129754
1550293467
-1085136901
-1535431919
-1366772464
-1954217552
-161615283
793894264
189789571
-315237774
763908392
190725053
554528899
1738913530
-1189465360
1331001457
774477667
1536522345
1432276044
1448129606
-761330293
2145911404
842098969
-1257400843
1126302859
1150250944
282812577
-1832518558
1479785844
-847607048
-1033856756
-187814147
874949475
-1713729666
1934380566
1161506922
1834951517
-1961527593
-2064183550
1825118051
-1284242078
691623466
106571726
1230213597
-1551832388
1829343234
1863575975
-1968114071
1664902551
-1173954990
25396894
568494045
-394648106
157251769
337278108
1754451763
-454420701
298113799
-1855157357
319106992
-782054328
-1141313536
-781757706
1529354568
-904475715
-1195596705
-945016214
-1028817600
-352743039
518399517
-1701807683
1378052373
-896378324
-1476045838
1996583959
-2042565732
247991109
1130438940
-1095107986
-1187403670
-200094511
578875742
